0.517 0.532
0.726 0.799
0.250 0.406
0.641 0.468
0.313 0.395
0.953 0.800
0.422 0.427
0.938 0.705
0.273 0.385
0.734 0.386
0.531 0.356
0.591 0.403
0.356 0.500
0.672 0.596
0.406 0.398
0.182 0.439
0.750 0.750
0.530 0.506
0.688 0.469
0.397 0.523
0.406 0.357
0.297 0.576
0.609 0.446
0.603 0.448
0.682 0.297
0.379 0.505
0.563 0.499
0.375 0.377
0.844 0.591
0.813 0.737
0.531 0.518
0.806 0.454
0.547 0.422
0.597 0.506
0.672 0.441
0.547 0.420
0.288 0.440
0.333 0.314
0.109 0.420
0.438 0.406
0.609 0.525
0.613 0.556
0.703 0.519
0.563 0.520
0.656 0.552
0.766 0.431
0.076 0.392
0.500 0.542
0.516 0.406
0.719 0.586
0.422 0.493
0.424 0.381
0.844 0.607
0.453 0.407
0.313 0.536
0.455 0.420
0.547 0.465
0.377 0.388
0.484 0.465
0.625 0.334
0.594 0.391
0.578 0.427
0.844 0.406
0.323 0.381
0.125 0.419
0.391 0.446
0.210 0.385
0.364 0.473
0.306 0.522
0.438 0.442
0.734 0.473
0.359 0.414
0.453 0.537
0.438 0.385
0.636 0.622
0.438 0.323
0.298 0.397
0.606 0.613
0.156 0.427
0.242 0.611
0.750 0.709
0.391 0.295
0.828 0.412
0.515 0.561
0.931 0.615
0.203 0.461
0.500 0.425
0.375 0.700
0.197 0.510
0.203 0.405
0.516 0.452
0.563 0.465
0.281 0.444
0.609 0.415
0.531 0.696
0.641 0.359
0.797 0.707
0.223 0.400
0.219 0.577
0.698 0.497
0.234 0.479
0.258 0.435
0.844 0.672
0.516 0.365
0.500 0.332
0.203 0.331
0.797 0.584
0.484 0.460
0.547 0.504
0.688 0.406
0.469 0.587
0.859 0.366
0.344 0.411
0.530 0.467
0.656 0.486
0.641 0.445
0.242 0.196
0.750 0.569
0.625 0.477
0.359 0.482
0.545 0.500
0.076 0.411
0.406 0.441
0.455 0.427
0.773 0.439
0.109 0.408
0.622 0.429
0.516 0.558
0.172 0.365
0.833 0.463
0.455 0.398
0.547 0.396
0.682 0.406
0.636 0.394
0.531 0.448
0.500 0.499
0.219 0.419
0.318 0.480
0.379 0.453
0.531 0.517
0.438 0.390
0.656 0.392
0.387 0.481
0.719 0.381
0.469 0.422
0.672 0.451
0.375 0.386
0.500 0.406
0.581 0.619
0.391 0.437
0.266 0.438
0.682 0.593
0.422 0.478
0.274 0.458
0.594 0.449
0.516 0.543
0.469 0.389
0.547 0.563
0.485 0.427
0.694 0.609
0.871 0.412
0.455 0.430
0.609 0.515
0.652 0.500
0.500 0.403
0.281 0.416
0.813 0.435
0.290 0.385
0.258 0.251
0.470 0.422
0.532 0.522
0.265 0.512
0.453 0.406
0.703 0.477
0.196 0.299
0.475 0.422
0.323 0.435
0.250 0.428
0.609 0.378
0.545 0.455
0.636 0.529
0.394 0.470
0.469 0.505
0.313 0.564
0.672 0.526
0.588 0.610
0.545 0.529
0.594 0.442
0.727 0.693
0.439 0.406
0.563 0.575
0.281 0.337
0.339 0.545
0.344 0.491
0.591 0.474
0.453 0.428
0.672 0.526
0.406 0.441
0.773 0.514
0.823 0.605
0.645 0.719
0.344 0.311
0.391 0.425
0.359 0.510
0.531 0.478
0.274 0.357
0.652 0.443
0.406 0.413
0.453 0.535
0.203 0.298
0.563 0.471
0.266 0.454
0.438 0.424
0.621 0.473
0.609 0.500
0.500 0.380
0.844 0.376
0.383 0.465
0.625 0.414
0.177 0.520
0.456 0.461
0.375 0.444
0.164 0.453
0.656 0.670
0.188 0.410
0.475 0.337
0.459 0.675
0.227 0.425
0.806 0.518
0.391 0.384
0.719 0.425
0.197 0.597
0.813 0.402
0.485 0.562
0.303 0.414
0.424 0.524
0.290 0.570
0.682 0.414
0.438 0.454
0.565 0.699
0.203 0.396
0.125 0.395
0.406 0.512
0.859 0.530
0.470 0.479
0.379 0.515
0.578 0.484
0.290 0.490
0.581 0.445
0.221 0.397
0.891 0.525
0.382 0.408
0.563 0.506
0.823 0.511
0.500 0.391
0.313 0.386
0.212 0.368
0.922 0.560
0.394 0.468
0.621 0.528
0.606 0.444
0.203 0.545
0.625 0.807
0.781 0.455
0.609 0.437
0.790 0.426
0.344 0.517
0.606 0.669
0.172 0.327
0.281 0.459
0.656 0.638
0.227 0.358
0.734 0.512
0.955 0.599
0.359 0.423
0.594 0.699
0.672 0.521
0.500 0.400
0.645 0.582
0.621 0.750
0.422 0.503
0.219 0.473
0.344 0.319
0.672 0.458
0.328 0.427
0.438 0.461
0.719 0.584
0.076 0.344
0.875 0.497
0.613 0.463
0.438 0.406
0.597 0.427
0.281 0.338
0.172 0.398
0.219 0.339
0.864 0.632
0.375 0.408
0.379 0.495
0.435 0.342
0.578 0.440
0.922 0.737
0.156 0.342
0.219 0.406
0.500 0.411
0.609 0.563
0.433 0.365
0.844 0.426
0.242 0.481
0.656 0.579
0.767 0.530
0.545 0.390
0.375 0.393
0.344 0.486
0.563 0.516
0.817 0.509
0.750 0.397
0.406 0.431
0.578 0.391
0.478 0.484
0.250 0.550
0.532 0.577
0.531 0.454
0.855 0.658
0.594 0.537
0.766 0.551
0.813 0.686
0.359 0.575
0.773 0.445
0.531 0.417
0.710 0.550
0.353 0.541
0.375 0.521
0.545 0.402
0.500 0.396
0.313 0.378
0.710 0.561
0.485 0.468
0.703 0.614
0.563 0.547
0.656 0.516
0.688 0.420
0.484 0.358
0.410 0.350
0.422 0.449
0.594 0.339
0.500 0.400
0.594 0.448
0.438 0.313
0.333 0.396
0.455 0.539
0.331 0.316
0.364 0.420
0.797 0.703
0.688 0.405
0.344 0.424
0.250 0.519
0.328 0.472
0.672 0.522
0.387 0.588
0.485 0.455
0.697 0.451
0.641 0.492
0.563 0.755
0.656 0.429
0.773 0.543
0.724 0.546
0.371 0.667
0.156 0.430
0.581 0.578
0.516 0.424
0.391 0.454
0.406 0.515
0.258 0.538
0.609 0.479
0.250 0.407
0.197 0.316
0.688 0.524
0.907 0.509
0.406 0.341
0.438 0.389
0.656 0.620
0.788 0.606
0.197 0.413
0.813 0.420
0.844 0.723
0.778 0.329
0.500 0.364
0.397 0.441
0.100 0.153
0.463 0.422
0.419 0.519
0.417 0.406
0.389 0.619
0.232 0.426
0.464 0.654
0.276 0.398
0.419 0.538
0.403 0.246
0.429 0.403
0.696 0.715
0.800 0.382
0.345 0.467
0.500 0.554
0.554 0.273
0.179 0.217
0.621 0.383
0.267 0.347
0.355 0.176
0.569 0.409
0.633 0.573
0.625 0.408
0.574 0.232
0.540 0.519
0.633 0.543
0.227 0.581
0.517 0.369
0.476 0.586
0.464 0.508
0.464 0.512
0.464 0.545
0.468 0.240
0.250 0.435
0.288 0.414
0.739 0.468
0.400 0.459
0.328 0.361
0.758 0.527
0.317 0.766
0.367 0.468
0.667 0.450
0.640 0.479
0.516 0.365
0.411 0.548
0.845 0.529
0.517 0.273
0.260 0.336
0.500 0.509
0.481 0.563
0.704 0.484
0.719 0.432
0.533 0.435
0.597 0.292
0.520 0.480
0.894 0.872
0.433 0.407
0.567 0.536
0.857 0.431
0.404 0.434
0.192 0.476
0.722 0.488
0.611 0.535
0.667 0.526
0.362 0.637
0.469 0.204
0.550 0.649
0.387 0.291
0.648 0.589
0.444 0.574
0.714 0.457
0.313 0.183
0.500 0.552
0.383 0.509
0.419 0.336
0.352 0.391
0.200 0.463
0.520 0.516
0.310 0.348
0.315 0.428
0.828 0.527
0.125 0.382
0.520 0.458
0.694 0.535
0.679 0.677
0.367 0.332
0.345 0.331
0.690 0.544
0.679 0.415
0.411 0.449
0.558 0.450
0.103 0.283
0.380 0.391
0.615 0.681
0.383 0.536
0.500 0.548
0.328 0.456
0.375 0.382
0.355 0.469
0.482 0.588
0.365 0.428
0.305 0.549
0.523 0.539
0.203 0.207
0.516 0.502
0.431 0.319
0.150 0.317
0.674 0.554
0.565 0.347
0.467 0.437
0.339 0.206
0.417 0.401
0.383 0.441
0.333 0.314
0.500 0.176
0.724 0.650
0.323 0.395
0.306 0.423
0.625 0.402
0.563 0.450
0.431 0.666
0.438 0.352
0.534 0.570
0.207 0.336
0.267 0.254
0.520 0.450
0.732 0.490
0.534 0.749
0.519 0.406
0.327 0.525
0.574 0.398
0.427 0.507
0.222 0.357
0.380 0.565
0.135 0.557
0.780 0.630
0.354 0.563
0.423 0.497
0.092 0.206
0.155 0.212
0.429 0.392
0.500 0.176
0.214 0.462
0.741 0.421
0.630 0.359
0.161 0.276
0.672 0.329
0.635 0.799
0.540 0.423
0.217 0.189
0.603 0.468
0.140 0.434
0.429 0.459
0.587 0.434
0.521 0.361
0.500 0.439
0.519 0.608
0.865 0.344
0.102 0.199
0.558 0.361
0.339 0.537
0.419 0.176
0.422 0.364
0.476 0.500
0.448 0.472
0.722 0.392
0.750 0.667
0.820 0.654
0.468 0.566
0.704 0.578
0.261 0.483
0.500 0.267
0.094 0.258
0.310 0.309
0.852 0.492
0.534 0.367
0.583 0.454
0.528 0.553
0.611 0.614
0.483 0.425
0.594 0.389
0.643 0.524
0.433 0.759
0.867 0.551
0.323 0.427
0.547 0.341
0.367 0.301
0.438 0.434
0.548 0.237
0.148 0.186
0.590 0.413
0.306 0.441
0.534 0.709
0.617 0.564
0.625 0.450
0.515 0.484
0.117 0.519
0.690 0.470
0.718 0.377
0.796 0.588
0.448 0.569
0.583 0.686
0.768 0.646
0.554 0.417
0.519 0.198
0.857 0.581
0.315 0.405
0.450 0.557
0.677 0.610
0.621 0.448
0.676 0.877
0.567 0.370
0.828 0.444
0.963 0.878
0.463 0.306
0.483 0.626
0.464 0.385
0.659 0.269
0.893 0.801
0.776 0.257
0.375 0.340
0.446 0.431
0.345 0.360
0.419 0.372
0.537 0.408
0.621 0.476
0.780 0.676
0.600 0.372
0.800 0.474
0.593 0.263
0.540 0.361
0.355 0.494
0.367 0.459
0.417 0.492
0.232 0.215
0.482 0.176
0.397 0.306
0.596 0.398
0.769 0.789
0.593 0.546
0.523 0.407
0.367 0.498
0.333 0.309
0.645 0.618
0.800 0.723
0.818 0.831
0.462 0.309
0.340 0.257
0.617 0.545
0.645 0.420
0.578 0.259
0.611 0.544
0.420 0.392
0.569 0.491
0.683 0.616
0.490 0.513
0.500 0.370
0.500 0.443
0.143 0.501
0.397 0.412
0.519 0.446
0.545 0.445
0.200 0.404
0.357 0.310
0.387 0.273
0.733 0.653
0.733 0.518
0.384 0.353
0.720 0.669
0.443 0.347
0.677 0.816
0.542 0.443
0.596 0.614
0.700 0.438
0.680 0.408
0.433 0.356
0.534 0.370
0.826 0.625
0.482 0.446
0.855 0.679
0.533 0.343
0.397 0.412
0.367 0.185
0.341 0.210
0.304 0.176
0.533 0.560
0.935 0.443
0.414 0.398
0.567 0.405
0.685 0.440
0.617 0.430
0.362 0.415
0.661 0.635
0.635 0.497
0.600 0.520
0.574 0.271
0.724 0.746
0.635 0.370
0.516 0.457
0.625 0.467
0.556 0.344
0.333 0.392
0.635 0.630
0.457 0.364
0.333 0.488
0.727 0.611
0.519 0.438
0.222 0.513
0.452 0.504
0.600 0.554
0.367 0.417
0.607 0.644
0.393 0.466
0.280 0.357
0.605 0.417
0.558 0.191
0.241 0.396
0.438 0.460
0.520 0.611
0.679 0.431
0.207 0.471
0.518 0.464
0.693 0.626
0.458 0.384
0.540 0.523
0.731 0.620
0.583 0.468
0.633 0.562
0.464 0.656
0.692 0.494
0.534 0.468
0.654 0.359
0.580 0.176
0.731 0.455
0.340 0.431
0.538 0.438
0.402 0.300
0.481 0.334
0.259 0.231
0.241 0.214
0.836 0.549
0.833 0.717
0.259 0.341
0.411 0.360
0.500 0.410
0.676 0.516
0.179 0.214
0.362 0.408
0.690 0.745
0.483 0.745
0.656 0.514
0.654 0.561
0.583 0.496
0.167 0.311
0.635 0.588
0.509 0.408
0.712 0.506
0.586 0.654
0.575 0.421
0.793 0.561
0.519 0.380
0.722 0.794
0.207 0.418
0.293 0.423
0.621 0.424
0.630 0.506
0.348 0.753
0.632 0.593
0.700 0.523
0.389 0.443
0.630 0.420
0.821 0.798
0.396 0.372
0.710 0.662
0.375 0.405
0.492 0.343
0.543 0.457
0.600 0.636
0.567 0.438
0.563 0.481
0.460 0.509
0.438 0.411
0.311 0.295
0.545 0.451
0.217 0.452
0.375 0.347
0.310 0.422
0.500 0.588
0.241 0.466
0.470 0.524
0.742 0.602
0.359 0.420
0.325 0.546
0.609 0.559
0.871 0.407
0.719 0.710
0.439 0.424
0.727 0.534
0.609 0.486
0.591 0.305
0.234 0.417
0.625 0.570
0.219 0.344
0.667 0.623
0.594 0.404
0.359 0.363
0.719 0.646
0.547 0.493
0.788 0.651
0.234 0.778
0.500 0.456
0.563 0.424
0.580 0.406
0.294 0.316
0.197 0.370
0.059 0.403
0.542 0.423
0.219 0.308
0.547 0.368
0.422 0.407
0.839 0.671
0.787 0.642
0.281 0.550
0.682 0.428
0.547 0.425
0.969 0.663
0.333 0.509
0.500 0.555
0.578 0.595
0.474 0.413
0.172 0.514
0.766 0.744
0.348 0.425
0.250 0.369
0.500 0.426
0.391 0.432
0.125 0.239
0.359 0.337
0.656 0.653
0.516 0.455
0.406 0.622
0.891 0.782
0.470 0.606
0.412 0.389
0.713 0.535
0.422 0.675
0.359 0.340
0.661 0.834
0.485 0.396
0.819 0.443
0.576 0.556
0.406 0.611
0.359 0.455
0.661 0.490
0.750 0.798
0.797 0.382
0.484 0.744
0.750 0.492
0.766 0.490
0.688 0.805
0.652 0.529
0.375 0.646
0.303 0.317
0.561 0.704
0.250 0.401
0.677 0.612
0.094 0.442
0.375 0.476
0.750 0.599
0.529 0.515
0.688 0.665
0.403 0.246
0.781 0.542
0.422 0.387
0.412 0.538
0.513 0.425
0.625 0.424
0.500 0.442
0.500 0.612
0.250 0.549
0.735 0.579
0.515 0.417
0.281 0.427
0.594 0.587
0.203 0.345
0.500 0.440
0.594 0.645
0.636 0.641
0.419 0.540
0.656 0.518
0.661 0.555
0.452 0.462
0.828 0.705
0.338 0.608
0.578 0.415
0.420 0.516
0.409 0.425
0.063 0.205
0.375 0.684
0.641 0.664
0.438 0.703
0.636 0.694
0.197 0.425
0.563 0.481
0.578 0.606
0.621 0.288
0.703 0.590
0.177 0.522
0.387 0.413
0.348 0.558
0.545 0.787
0.588 0.599
0.281 0.461
0.438 0.364
0.797 0.753
0.279 0.485
0.250 0.425
0.269 0.462
0.391 0.366
0.242 0.314
0.563 0.555
0.515 0.601
0.364 0.589
0.594 0.696
0.645 0.508
0.387 0.408
0.453 0.422
0.578 0.734
0.800 0.599
0.625 0.479
0.348 0.698
0.266 0.442
0.629 0.617
0.453 0.801
0.387 0.476
0.594 0.432
0.500 0.425
0.422 0.621
0.353 0.506
0.557 0.583
0.526 0.453
0.364 0.533
0.368 0.634
0.484 0.334
0.328 0.491
0.469 0.720
0.212 0.481
0.906 0.579
0.328 0.771
0.694 0.413
0.478 0.438
0.344 0.278
0.585 0.441
0.656 0.669
0.719 0.627
0.581 0.699
0.875 0.346
0.438 0.425
0.609 0.662
0.750 0.654
0.281 0.449
0.262 0.608
0.500 0.628
0.438 0.635
0.625 0.778
0.355 0.496
0.456 0.445
0.406 0.493
0.359 0.577
0.548 0.764
0.625 0.396
0.719 0.685
0.288 0.685
0.344 0.387
0.453 0.385
0.328 0.608
0.156 0.239
0.712 0.713
0.156 0.430
0.625 0.742
0.734 0.665
0.531 0.425
0.516 0.509
0.734 0.446
0.530 0.425
0.583 0.424
0.672 0.584
0.547 0.656
0.833 0.398
0.641 0.626
0.309 0.425
0.697 0.700
0.281 0.476
0.441 0.607
0.818 0.779
0.468 0.425
0.125 0.404
0.563 0.763
0.662 0.450
0.813 0.809
0.324 0.472
0.777 0.426
0.328 0.728
0.141 0.238
0.406 0.515
0.368 0.717
0.636 0.549
0.344 0.552
0.297 0.483
0.333 0.394
0.703 0.742
0.597 0.355
0.613 0.754
0.636 0.520
0.734 0.777
0.094 0.425
0.242 0.376
0.531 0.711
0.734 0.785
0.719 0.592
0.677 0.439
0.734 0.802
0.594 0.709
0.500 0.401
0.609 0.654
0.547 0.437
0.359 0.425
0.606 0.780
0.578 0.782
0.727 0.739
0.394 0.640
0.197 0.446
0.726 0.640
0.391 0.408
0.703 0.652
0.303 0.770
0.348 0.465
0.355 0.801
0.516 0.551
0.375 0.554
0.813 0.777
0.411 0.399
0.375 0.264
0.574 0.694
0.412 0.409
0.470 0.405
0.324 0.630
0.455 0.608
0.683 0.687
0.359 0.306
0.234 0.429
0.402 0.252
0.664 0.550
0.206 0.402
0.344 0.352
0.234 0.441
0.719 0.654
0.797 0.782
0.706 0.476
0.667 0.860
0.348 0.464
0.636 0.307
0.813 0.745
0.188 0.318
0.563 0.697
0.806 0.455
0.531 0.385
0.578 0.570
0.694 0.742
0.242 0.445
0.484 0.238
0.609 0.432
0.851 0.455
0.591 0.645
0.662 0.470
0.250 0.546
0.328 0.700
0.565 0.609
0.406 0.529
0.446 0.654
0.268 0.497
0.659 0.400
0.786 0.702
0.308 0.467
0.674 0.480
0.833 0.711
0.825 0.362
0.500 0.301
0.396 0.563
0.500 0.563
0.477 0.325
0.558 0.570
0.143 0.254
0.477 0.462
0.357 0.363
0.571 0.411
0.650 0.367
0.375 0.426
0.262 0.282
0.438 0.350
0.300 0.536
0.202 0.342
0.675 0.469
0.537 0.396
0.327 0.254
0.476 0.351
0.529 0.372
0.481 0.371
0.611 0.329
0.304 0.412
0.540 0.377
0.286 0.301
0.769 0.574
0.722 0.478
0.500 0.417
0.180 0.410
0.283 0.364
0.595 0.563
0.375 0.362
0.200 0.304
0.239 0.417
0.500 0.549
0.750 0.581
0.619 0.517
0.458 0.340
0.118 0.319
0.586 0.325
0.625 0.524
0.870 0.509
0.712 0.507
0.640 0.301
0.478 0.421
0.341 0.528
0.717 0.553
0.250 0.333
0.824 0.341
0.288 0.302
0.674 0.687
0.520 0.482
0.517 0.467
0.469 0.354
0.591 0.273
0.325 0.489
0.519 0.435
0.125 0.288
0.500 0.421
0.457 0.313
0.263 0.395
0.654 0.430
0.159 0.293
0.206 0.251
0.955 0.620
0.375 0.343
0.339 0.383
0.283 0.325
0.519 0.434
0.680 0.469
0.500 0.543
0.643 0.758
0.794 0.662
0.409 0.339
0.481 0.275
0.500 0.422
0.440 0.388
0.333 0.295
0.696 0.325
0.457 0.275
0.556 0.378
0.682 0.607
0.375 0.313
0.478 0.488
0.386 0.580
0.586 0.388
0.478 0.370
0.348 0.551
0.620 0.394
0.452 0.368
0.569 0.564
0.521 0.406
0.452 0.606
0.640 0.329
0.630 0.568
0.477 0.700
0.263 0.332
0.483 0.664
0.261 0.309
0.729 0.599
0.232 0.240
0.423 0.457
0.475 0.294
0.135 0.570
0.167 0.335
0.333 0.263
0.333 0.313
0.862 0.417
0.389 0.375
0.352 0.251
0.500 0.620
0.640 0.503
0.848 0.551
0.316 0.312
0.712 0.439
0.237 0.272
0.483 0.362
0.484 0.397
0.979 0.472
0.413 0.307
0.567 0.312
0.438 0.325
0.380 0.376
0.500 0.404
0.452 0.480
0.700 0.683
0.389 0.342
0.500 0.467
0.611 0.661
0.452 0.479
0.707 0.570
0.500 0.406
0.600 0.528
0.250 0.366
0.609 0.575
0.526 0.398
0.130 0.452
0.524 0.420
0.760 0.672
0.413 0.521
0.342 0.250
0.176 0.413
0.771 0.703
0.318 0.229
0.340 0.518
0.308 0.363
0.333 0.481
0.364 0.391
0.820 0.473
0.548 0.361
0.411 0.332
0.308 0.494
0.440 0.563
0.611 0.555
0.563 0.328
0.533 0.725
0.333 0.551
0.333 0.358
0.810 0.736
0.500 0.450
0.600 0.660
0.414 0.563
0.625 0.353
0.563 0.509
0.796 0.675
0.225 0.336
0.481 0.683
0.875 0.529
0.955 0.751
0.457 0.325
0.574 0.480
0.432 0.361
0.600 0.572
0.731 0.597
0.160 0.287
0.795 0.660
0.500 0.346
0.425 0.478
0.679 0.478
0.708 0.423
0.391 0.416
0.375 0.457
0.297 0.424
0.375 0.356
0.458 0.421
0.605 0.431
0.321 0.349
0.825 0.672
0.950 0.523
0.750 0.351
0.458 0.467
0.542 0.719
0.500 0.438
0.208 0.425
0.150 0.295
0.558 0.335
0.463 0.379
0.404 0.316
0.156 0.407
0.600 0.599
0.795 0.785
0.261 0.373
0.326 0.344
0.340 0.477
0.074 0.183
0.167 0.251
0.531 0.624
0.788 0.323
0.729 0.759
0.571 0.482
0.304 0.457
0.500 0.347
0.442 0.558
0.571 0.354
0.528 0.310
0.362 0.333
0.741 0.354
0.841 0.563
0.500 0.396
0.542 0.379
0.360 0.429
0.361 0.408
0.380 0.301
0.500 0.662
0.620 0.427
0.540 0.331
0.302 0.325
0.705 0.616
0.447 0.333
0.480 0.449
0.212 0.243
0.304 0.353
0.447 0.348
0.400 0.267
0.360 0.249
0.648 0.250
0.869 0.654
0.386 0.483
0.313 0.279
0.464 0.421
0.263 0.566
0.158 0.449
0.643 0.381
0.342 0.509
0.543 0.601
0.630 0.452
0.350 0.277
0.159 0.254
0.340 0.293
0.731 0.649
0.586 0.394
0.432 0.756
0.528 0.442
0.750 0.615
0.523 0.411
0.680 0.279
0.545 0.525
0.500 0.616
0.421 0.370
0.143 0.291
0.500 0.551
0.440 0.358
0.404 0.300
0.769 0.655
0.667 0.563
0.650 0.374
0.563 0.476
0.455 0.357
0.900 0.449
0.720 0.454
0.500 0.427
0.659 0.350
0.318 0.263
0.635 0.295
0.375 0.402
0.417 0.420
0.362 0.294
0.518 0.292
0.500 0.399
0.318 0.375
0.375 0.485
0.214 0.293
0.528 0.563
0.792 0.415
0.667 0.477
0.560 0.395
0.455 0.394
0.594 0.432
0.909 0.343
0.500 0.450
0.455 0.362
0.432 0.326
0.658 0.241
0.460 0.453
0.783 0.362
0.680 0.552
0.727 0.663
0.421 0.444
0.273 0.360
0.630 0.516
0.146 0.209
0.405 0.475
0.319 0.389
0.466 0.388
0.667 0.656
0.636 0.406
0.792 0.640
0.781 0.797
0.444 0.378
0.250 0.331
0.792 0.350
0.380 0.304
0.387 0.287
0.269 0.289
0.536 0.533
0.738 0.587
0.620 0.471
0.452 0.359
0.483 0.679
0.200 0.512
0.600 0.701
0.480 0.468
0.800 0.439
0.304 0.418
0.704 0.563
0.261 0.590
0.732 0.413
0.367 0.381
0.486 0.603
0.457 0.292
0.739 0.424
0.315 0.305
0.896 0.718
0.232 0.360
0.214 0.477
0.717 0.529
0.587 0.293
0.528 0.392
0.625 0.645
0.654 0.353
0.308 0.343
0.621 0.410
0.304 0.403
0.522 0.487
0.615 0.384
0.357 0.419
0.816 0.688
0.574 0.335
0.768 0.355
0.576 0.474
0.639 0.719
0.444 0.367
0.417 0.475
0.444 0.707
0.420 0.278
0.596 0.676
0.659 0.321
0.605 0.592
0.611 0.334
0.220 0.303
0.818 0.634
0.553 0.694
0.536 0.468
0.480 0.230
0.417 0.479
0.792 0.617
0.696 0.301
0.364 0.452
0.520 0.347
0.477 0.290
0.304 0.571
0.519 0.304
0.423 0.563
0.321 0.466
0.370 0.497
0.500 0.350
0.425 0.506
0.288 0.350
0.342 0.354
0.391 0.387
0.705 0.673
0.789 0.619
0.400 0.325
0.550 0.299
0.553 0.356
0.522 0.367
0.400 0.422
0.727 0.428
0.800 0.570
